Astar(8, 4)
0.0008287429809570312,10,32
0.0006215572357177734,9,25
0.006174802780151367,11,141
Astar(9, 5)
0.013580322265625,14,267
0.003180265426635742,13,84
0.0018162727355957031,12,50
Astar(10, 6)
3.4630589485168457,25,6352
0.02291250228881836,20,365
0.0336000919342041,19,460
Astar(11, 7)
36.98977255821228,26,19100
2.5795793533325195,35,5688
0.22432398796081543,21,1274
Astar(12, 8)
738.1993100643158,29,62134
28.925565004348755,29,17413
0.21021151542663574,34,1428
Astar(13, 9)
927.7222018241882,38,69771
3988.0712928771973,41,111560
3155.90318107605,37,122523
Astar(14, 10)
2549.655107021332,45,114137
1741.5161621570587,53,97863
8532.0234992352344,43,250931
