IMHAstar,(8, 4),w1=10,w2=10,w=100
0.004822969436645508,15,55
0.003245830535888672,9,40
0.003712177276611328,11,43
IMHAstar,(9, 5),w1=10,w2=10,w=100
0.00714111328125,17,76
0.00496220588684082,13,54
0.0037190914154052734,12,40
IMHAstar,(10, 6),w1=10,w2=10,w=100
0.014068841934204102,25,97
0.009367227554321289,22,79
0.013122081756591797,21,109
IMHAstar,(11, 7),w1=10,w2=10,w=100
0.023479700088500977,26,121
0.02871108055114746,37,172
0.014785051345825195,22,91
IMHAstar,(12, 8),w1=10,w2=10,w=100
0.056314945220947266,38,277
0.02906012535095215,29,139
0.03173995018005371,45,199
IMHAstar,(13, 9),w1=10,w2=10,w=100
0.0661461353302002,42,322
0.06195998191833496,47,313
0.07875871658325195,43,328
IMHAstar,(14, 10),w1=10,w2=10,w=100
0.0934441089630127,47,355
0.07974886894226074,55,322
0.12333011627197266,51,430
IMHAstar,(8, 4),w1=1,w2=1,w=1
0.006762981414794922,10,102
0.007012844085693359,9,98
0.01874518394470215,11,222
IMHAstar,(9, 5),w1=1,w2=1,w=1
0.0785531997680664,17,870
0.024482011795043945,13,250
0.02401590347290039,12,138
IMHAstar,(10, 6),w1=1,w2=1,w=1
1.929987907409668,27,14655
0.11284494400024414,20,881
0.18662118911743164,19,1310
IMHAstar,(11, 7),w1=1,w2=1,w=1
8.618220806121826,26,47538
2.105968952178955,35,16213
0.6865360736846924,21,4103
IMHAstar,(12, 8),w1=1,w2=1,w=1
14.595646142959595,29,77272
8.570216178894043,29,52510
0.7835128307342529,34,5572
IMHAstar,(13, 9),w1=1,w2=1,w=1
33.1703999042511,38,168385
38.775410890579224,41,198790
47.078969955444336,37,219499
IMHAstar,(14, 10),w1=1,w2=1,w=1
82.42465901374817,45,322342
61.560203075408936,53,260874
221.94232082366943,43,863060
IMHAstar,(8, 4),w1=1.4142135623730951,w2=1.4142135623730951,w=2.0000000000000004
0.0072247982025146484,10,96
0.0037081241607666016,9,49
0.007774829864501953,11,92
IMHAstar,(9, 5),w1=1.4142135623730951,w2=1.4142135623730951,w=2.0000000000000004
0.023108959197998047,17,246
0.011295080184936523,13,121
0.00953817367553711,12,86
IMHAstar,(10, 6),w1=1.4142135623730951,w2=1.4142135623730951,w=2.0000000000000004
0.33437275886535645,27,2778
0.02223515510559082,20,200
0.04335188865661621,19,371
IMHAstar,(11, 7),w1=1.4142135623730951,w2=1.4142135623730951,w=2.0000000000000004
0.6911487579345703,26,4061
0.8191289901733398,37,6483
0.10403609275817871,23,615
IMHAstar,(12, 8),w1=1.4142135623730951,w2=1.4142135623730951,w=2.0000000000000004
4.088205099105835,29,22966
1.317314863204956,35,8203
0.45519018173217773,34,3400
IMHAstar,(13, 9),w1=1.4142135623730951,w2=1.4142135623730951,w=2.0000000000000004
4.141390085220337,42,22290
3.5272629261016846,43,18438
18.02613592147827,37,82675
IMHAstar,(14, 10),w1=1.4142135623730951,w2=1.4142135623730951,w=2.0000000000000004
5.317474126815796,47,21952
9.230004072189331,53,38670
41.64433789253235,49,162571
IMHAstar,(8, 4),w1=3,w2=3,w=9
0.005135059356689453,12,57
0.003462076187133789,9,40
0.0044901371002197266,11,48
IMHAstar,(9, 5),w1=3,w2=3,w=9
0.012105226516723633,20,139
0.004782915115356445,13,54
0.0037603378295898438,12,40
IMHAstar,(10, 6),w1=3,w2=3,w=9
0.029636859893798828,31,231
0.009589910507202148,22,82
0.013708829879760742,21,109
IMHAstar,(11, 7),w1=3,w2=3,w=9
0.04570293426513672,26,241
0.04617810249328613,35,316
0.01470184326171875,22,91
IMHAstar,(12, 8),w1=3,w2=3,w=9
0.07450008392333984,38,400
0.028017759323120117,29,154
0.06761693954467773,43,493
IMHAstar,(13, 9),w1=3,w2=3,w=9
0.08024287223815918,42,388
0.11803317070007324,43,627
0.07709622383117676,43,358
IMHAstar,(14, 10),w1=3,w2=3,w=9
0.15669012069702148,47,604
0.1436748504638672,53,558
0.33605408668518066,59,1255
IMHAstar,(8, 4),w1=1,w2=10,w=10
0.00392913818359375,10,60
0.003453969955444336,9,57
0.0041849613189697266,11,55
IMHAstar,(9, 5),w1=1,w2=10,w=10
0.037213802337646484,17,468
0.005048036575317383,13,54
0.0059969425201416016,12,60
IMHAstar,(10, 6),w1=1,w2=10,w=10
0.03908991813659668,29,292
0.03381919860839844,20,279
0.039544105529785156,19,222
IMHAstar,(11, 7),w1=1,w2=10,w=10
0.140913724899292,26,738
0.9015438556671143,37,6198
0.02642202377319336,21,163
IMHAstar,(12, 8),w1=1,w2=10,w=10
0.48523902893066406,29,2452
1.76705002784729,37,9399
0.42124271392822266,34,2772
IMHAstar,(13, 9),w1=1,w2=10,w=10
3.4448561668395996,38,16140
1.0053250789642334,43,4827
7.208929061889648,37,29250
IMHAstar,(14, 10),w1=1,w2=10,w=10
3.828111171722412,47,14199
2.313709020614624,53,8862
4.291125059127808,47,14778
IMHAstar,(8, 4),w1=1.4142135623730951,w2=1.224744871391589,w=1.7320508075688772
0.009057998657226562,10,111
0.004534006118774414,9,59
0.010643959045410156,11,125
IMHAstar,(9, 5),w1=1.4142135623730951,w2=1.224744871391589,w=1.7320508075688772
0.03129005432128906,17,324
0.017588138580322266,13,170
0.01204991340637207,12,123
IMHAstar,(10, 6),w1=1.4142135623730951,w2=1.224744871391589,w=1.7320508075688772
0.769916296005249,25,5912
0.03354001045227051,20,233
0.05598187446594238,19,434
IMHAstar,(11, 7),w1=1.4142135623730951,w2=1.224744871391589,w=1.7320508075688772
0.8708939552307129,26,4736
1.2247817516326904,37,8832
0.2077322006225586,21,1238
IMHAstar,(12, 8),w1=1.4142135623730951,w2=1.224744871391589,w=1.7320508075688772
7.139364957809448,29,34313
3.3115148544311523,35,19729
0.5980980396270752,34,3955
IMHAstar,(13, 9),w1=1.4142135623730951,w2=1.224744871391589,w=1.7320508075688772
12.671756982803345,42,62052
11.451787948608398,41,58459
32.84859085083008,37,153280
IMHAstar,(14, 10),w1=1.4142135623730951,w2=1.224744871391589,w=1.7320508075688772
8.088637113571167,47,32851
32.98291516304016,54,140305
49.42003583908081,43,188774
IMHAstar,(8, 4),w1=1.224744871391589,w2=1.4142135623730951,w=1.7320508075688772
0.006375312805175781,10,84
0.004834175109863281,9,64
0.009994983673095703,11,126
IMHAstar,(9, 5),w1=1.224744871391589,w2=1.4142135623730951,w=1.7320508075688772
0.022774696350097656,17,255
0.01036524772644043,13,109
0.007330179214477539,12,77
IMHAstar,(10, 6),w1=1.224744871391589,w2=1.4142135623730951,w=1.7320508075688772
0.26489806175231934,27,2067
0.03937506675720215,20,371
0.05003023147583008,19,445
IMHAstar,(11, 7),w1=1.224744871391589,w2=1.4142135623730951,w=1.7320508075688772
0.9720559120178223,26,5640
1.0340707302093506,37,8070
0.08127212524414062,23,516
IMHAstar,(12, 8),w1=1.224744871391589,w2=1.4142135623730951,w=1.7320508075688772
1.8621020317077637,29,9823
2.0778660774230957,29,12910
0.4688079357147217,34,3178
IMHAstar,(13, 9),w1=1.224744871391589,w2=1.4142135623730951,w=1.7320508075688772
7.210492849349976,38,36354
2.696561813354492,43,13707
4.025112152099609,37,17320
IMHAstar,(14, 10),w1=1.224744871391589,w2=1.4142135623730951,w=1.7320508075688772
8.301323175430298,47,32997
7.792048931121826,53,31380
26.62534213066101,47,101601
