SMHAstar,(8, 4),w1=10,w2=10,w=100
0.0032689571380615234,15,24
0.002130270004272461,9,16
0.002509593963623047,11,14
SMHAstar,(9, 5),w1=10,w2=10,w=100
0.007570743560791016,20,47
0.004479885101318359,13,25
0.004032611846923828,12,19
SMHAstar,(10, 6),w1=10,w2=10,w=100
0.015570878982543945,27,55
0.011003732681274414,33,56
0.015628576278686523,27,73
SMHAstar,(11, 7),w1=10,w2=10,w=100
0.03038811683654785,26,91
0.022423744201660156,37,92
0.015537023544311523,21,46
SMHAstar,(12, 8),w1=10,w2=10,w=100
0.044855356216430664,31,121
0.03608584403991699,29,101
0.029595375061035156,43,107
SMHAstar,(13, 9),w1=10,w2=10,w=100
0.05357694625854492,38,142
0.06638550758361816,43,194
0.06255888938903809,37,160
SMHAstar,(14, 10),w1=10,w2=10,w=100
0.08645844459533691,49,193
0.06852245330810547,55,166
0.1134788990020752,51,220
SMHAstar,(8, 4),w1=1,w2=1,w=1
0.0029425621032714844,10,22
0.002607107162475586,9,19
0.013779878616333008,11,87
SMHAstar,(9, 5),w1=1,w2=1,w=1
0.041153669357299805,14,274
0.00905299186706543,13,52
0.007795810699462891,12,46
SMHAstar,(10, 6),w1=1,w2=1,w=1
1.749993085861206,25,4630
0.06315064430236816,20,307
0.07600021362304688,19,373
SMHAstar,(11, 7),w1=1,w2=1,w=1
13.477617979049683,26,13198
1.5435888767242432,35,5209
0.35958170890808105,21,955
SMHAstar,(12, 8),w1=1,w2=1,w=1
124.6953227519989,29,50302
13.70661449432373,29,17575
0.3527107238769531,34,1360
SMHAstar,(13, 9),w1=1,w2=1,w=1
178.94866108894348,38,71443
526.1048641204834,41,122002
618.0991542339325,37,125728
SMHAstar,(14, 10),w1=1,w2=1,w=1
478.57426953315735,45,110959
390.21104311943054,53,114066
4307.250078678131,43,276436
SMHAstar,(8, 4),w1=1.4142135623730951,w2=1.4142135623730951,w=2.0000000000000004
0.005375862121582031,10,47
0.0023338794708251953,9,16
0.004937887191772461,11,31
SMHAstar,(9, 5),w1=1.4142135623730951,w2=1.4142135623730951,w=2.0000000000000004
0.02683281898498535,17,163
0.006118059158325195,13,37
0.0030698776245117188,12,16
SMHAstar,(10, 6),w1=1.4142135623730951,w2=1.4142135623730951,w=2.0000000000000004
0.40256261825561523,27,1224
0.025165319442749023,20,113
0.03302931785583496,19,143
SMHAstar,(11, 7),w1=1.4142135623730951,w2=1.4142135623730951,w=2.0000000000000004
0.38211822509765625,29,835
1.3550808429718018,35,3289
0.04234504699707031,21,141
SMHAstar,(12, 8),w1=1.4142135623730951,w2=1.4142135623730951,w=2.0000000000000004
1.2816073894500732,29,2080
4.190887928009033,37,4833
0.48958420753479004,36,1561
SMHAstar,(13, 9),w1=1.4142135623730951,w2=1.4142135623730951,w=2.0000000000000004
14.870201110839844,40,10236
6.708109617233276,43,6159
19.494285345077515,37,11392
SMHAstar,(14, 10),w1=1.4142135623730951,w2=1.4142135623730951,w=2.0000000000000004
11.998391151428223,47,9019
8.720327138900757,54,6576
65.83404183387756,47,19767
SMHAstar,(8, 4),w1=3,w2=3,w=9
0.0030968189239501953,15,25
0.0019915103912353516,9,16
0.002321004867553711,11,14
SMHAstar,(9, 5),w1=3,w2=3,w=9
0.007912874221801758,20,49
0.004479646682739258,13,25
0.003233671188354492,12,19
SMHAstar,(10, 6),w1=3,w2=3,w=9
0.024257183074951172,27,85
0.013920307159423828,33,73
0.0171968936920166,27,82
SMHAstar,(11, 7),w1=3,w2=3,w=9
0.039090871810913086,26,115
0.031705617904663086,35,125
0.015572309494018555,21,46
SMHAstar,(12, 8),w1=3,w2=3,w=9
0.0674593448638916,35,184
0.050414085388183594,37,139
0.15505266189575195,47,484
SMHAstar,(13, 9),w1=3,w2=3,w=9
0.07242941856384277,38,187
0.0774543285369873,43,232
0.07168745994567871,37,176
SMHAstar,(14, 10),w1=3,w2=3,w=9
0.10210537910461426,49,232
0.17902827262878418,56,440
0.1248636245727539,51,259
SMHAstar,(8, 4),w1=1,w2=10,w=10
0.00490260124206543,10,40
0.0030083656311035156,9,28
0.0036902427673339844,11,25
SMHAstar,(9, 5),w1=1,w2=10,w=10
0.06049799919128418,17,369
0.005475759506225586,13,37
0.0044672489166259766,12,25
SMHAstar,(10, 6),w1=1,w2=10,w=10
0.16573500633239746,25,556
0.020048856735229492,20,103
0.023475170135498047,19,118
SMHAstar,(11, 7),w1=1,w2=10,w=10
0.16189789772033691,29,418
3.719053030014038,35,5478
0.01731133460998535,21,67
SMHAstar,(12, 8),w1=1,w2=10,w=10
1.2640318870544434,29,1597
12.453999519348145,29,7264
0.6548655033111572,34,1914
SMHAstar,(13, 9),w1=1,w2=10,w=10
26.63639760017395,38,12690
2.8924190998077393,43,3510
21.00126600265503,37,9544
SMHAstar,(14, 10),w1=1,w2=10,w=10
19.303858518600464,47,10434
10.31231164932251,53,7149
24.214268684387207,47,10905
SMHAstar,(8, 4),w1=1.4142135623730951,w2=1.224744871391589,w=1.7320508075688772
0.002727508544921875,10,20
0.002106904983520508,9,13
0.00600433349609375,11,37
SMHAstar,(9, 5),w1=1.4142135623730951,w2=1.224744871391589,w=1.7320508075688772
0.04075169563293457,17,257
0.006717205047607422,13,41
0.0039157867431640625,12,19
SMHAstar,(10, 6),w1=1.4142135623730951,w2=1.224744871391589,w=1.7320508075688772
0.760685920715332,29,2137
0.03412437438964844,20,155
0.03849077224731445,19,182
SMHAstar,(11, 7),w1=1.4142135623730951,w2=1.224744871391589,w=1.7320508075688772
1.0799307823181152,26,2093
1.1315569877624512,35,3272
0.08428525924682617,23,259
SMHAstar,(12, 8),w1=1.4142135623730951,w2=1.224744871391589,w=1.7320508075688772
4.314565420150757,29,5134
5.111495733261108,29,6701
0.37520265579223633,37,1377
SMHAstar,(13, 9),w1=1.4142135623730951,w2=1.224744871391589,w=1.7320508075688772
49.61351823806763,40,23725
34.57611322402954,41,17898
115.31986951828003,37,36530
SMHAstar,(14, 10),w1=1.4142135623730951,w2=1.224744871391589,w=1.7320508075688772
46.78624677658081,47,23404
141.166512966156,54,34506
292.93482971191406,43,50953
SMHAstar,(8, 4),w1=1.224744871391589,w2=1.4142135623730951,w=1.7320508075688772
0.004939079284667969,10,41
0.002427816390991211,9,19
0.006066560745239258,11,37
SMHAstar,(9, 5),w1=1.224744871391589,w2=1.4142135623730951,w=1.7320508075688772
0.03576469421386719,17,224
0.006037235260009766,13,40
0.003195524215698242,12,16
SMHAstar,(10, 6),w1=1.224744871391589,w2=1.4142135623730951,w=1.7320508075688772
0.4215514659881592,25,1267
0.02015542984008789,20,88
0.03678011894226074,19,163
SMHAstar,(11, 7),w1=1.224744871391589,w2=1.4142135623730951,w=1.7320508075688772
0.5469439029693604,29,1105
1.610975742340088,35,3738
0.048981666564941406,21,180
SMHAstar,(12, 8),w1=1.224744871391589,w2=1.4142135623730951,w=1.7320508075688772
4.545137882232666,29,4417
6.989633560180664,29,6347
0.4413948059082031,36,1486
SMHAstar,(13, 9),w1=1.224744871391589,w2=1.4142135623730951,w=1.7320508075688772
26.76186728477478,40,13911
18.171545028686523,43,10767
37.33855319023132,37,15667
SMHAstar,(14, 10),w1=1.224744871391589,w2=1.4142135623730951,w=1.7320508075688772
44.70504570007324,47,18876
19.445547580718994,54,10542
91.7911126613617,43,23335
