WAstar,(8, 4),w1=1.4142135623730951,w2=1.4142135623730951,w=2.0000000000000004
0.0005953311920166016,10,21
0.000339508056640625,9,12
0.0016968250274658203,11,51
WAstar,(9, 5),w1=1.4142135623730951,w2=1.4142135623730951,w=2.0000000000000004
0.014758825302124023,14,278
0.0011205673217773438,13,34
0.001108407974243164,12,30
WAstar,(10, 6),w1=1.4142135623730951,w2=1.4142135623730951,w=2.0000000000000004
0.5710654258728027,25,2333
0.012938261032104492,20,244
0.01663374900817871,19,273
WAstar,(11, 7),w1=1.4142135623730951,w2=1.4142135623730951,w=2.0000000000000004
1.507751226425171,26,3656
1.6169853210449219,35,4376
0.051903724670410156,21,512
WAstar,(12, 8),w1=1.4142135623730951,w2=1.4142135623730951,w=2.0000000000000004
88.35806941986084,31,26676
23.59493398666382,29,15017
0.14868545532226562,34,1167
WAstar,(13, 9),w1=1.4142135623730951,w2=1.4142135623730951,w=2.0000000000000004
39.57215905189514,40,19877
540.5802278518677,41,53114
1124.5730719566345,37,74469
WAstar,(14, 10),w1=1.4142135623730951,w2=1.4142135623730951,w=2.0000000000000004
57.69289565086365,47,24359
34.00371241569519,53,18801
1277.6249079704285,45,84015
WAstar,(8, 4),w1=3,w2=3,w=9
0.0007512569427490234,15,32
0.00036716461181640625,9,14
0.005779743194580078,11,144
WAstar,(9, 5),w1=3,w2=3,w=9
0.0056133270263671875,17,134
0.005898237228393555,13,144
0.0010776519775390625,12,30
WAstar,(10, 6),w1=3,w2=3,w=9
3.0276122093200684,33,5519
0.022182703018188477,33,363
0.07767319679260254,31,764
WAstar,(11, 7),w1=3,w2=3,w=9
234.45214915275574,32,40312
0.3530409336090088,40,1798
0.45442986488342285,31,2033
WAstar,(12, 8),w1=3,w2=3,w=9
1077.5513582229614,55,73038
40.15516543388367,55,18897
0.3583528995513916,51,1946
WAstar,(13, 9),w1=3,w2=3,w=9
232.15288090705872,56,41966
734.818000793457,59,62284
1049.3039638996124,57,72421
WAstar,(8, 4),w1=1,w2=10,w=10
0.0008175373077392578,15,32
0.00039196014404296875,9,14
0.007173776626586914,11,161
WAstar,(9, 5),w1=1,w2=10,w=10
0.006624937057495117,17,150
0.006292581558227539,13,151
0.0010957717895507812,12,30
WAstar,(10, 6),w1=1,w2=10,w=10
4.178457498550415,33,6379
0.029820680618286133,33,448
0.09909558296203613,31,866
WAstar,(11, 7),w1=1,w2=10,w=10
330.1532475948334,32,46589
0.3954014778137207,40,1876
0.5415661334991455,31,2186
WAstar,(12, 8),w1=1,w2=10,w=10
1130.9398341178894,55,75282
29.75881052017212,55,16522
0.37984275817871094,51,2034
WAstar,(8, 4),w1=1.4142135623730951,w2=1.224744871391589,w=1.7320508075688772
0.0005862712860107422,10,20
0.00035500526428222656,9,12
0.0015561580657958984,11,47
WAstar,(9, 5),w1=1.4142135623730951,w2=1.224744871391589,w=1.7320508075688772
0.0140533447265625,14,264
0.001348733901977539,13,38
0.0010876655578613281,12,31
WAstar,(10, 6),w1=1.4142135623730951,w2=1.224744871391589,w=1.7320508075688772
0.5555710792541504,25,2341
0.012312889099121094,20,228
0.015604734420776367,19,252
WAstar,(11, 7),w1=1.4142135623730951,w2=1.224744871391589,w=1.7320508075688772
3.3162612915039062,27,5532
1.6228234767913818,35,4344
0.06820058822631836,21,635
WAstar,(12, 8),w1=1.4142135623730951,w2=1.224744871391589,w=1.7320508075688772
146.66184973716736,29,32650
23.451513528823853,29,14883
0.11815190315246582,34,1023